400
      3679        87
     15135        44
      6239        46
      7760        80
     15763        33
      7601        56
     14237        37
      6673        26
     17314        96
     17254        83
      5475        58
     15733        43
       196        60
     15539        13
     19156        21
      1948        96
     19426        24
     13824        28
     17441        67
     10627        28
     14491        91
     11645        27
      3019         4
     11040        81
      8104        46
     19149        99
     16536        61
     19366        30
     11421        20
      2114         9
       247        79
      3799        21
      7416        49
      7728         1
      2966        81
      2643        81
     11250        54
      3160        51
      9443        78
      4039        89
     19537        81
     16601        33
     18378         4
     18533        15
     13886        21
     17914        12
      7541        16
      3111        43
     15248        46
     15703        40
     14784        61
     13639        57
     18401        31
      4009        69
     19816        97
      9667        14
     17095        32
     18618        64
      4226         5
     19675        35
      9861        16
     13208         9
      3684        23
     13314        82
      4713        93
      4302         7
     10431        26
      2370        65
       584        85
      1583        42
      8746        62
      6597        57
     13632        95
      8887         8
     15047        29
     16515        73
      2123        56
      1295        19
      5376        72
      1359        30
      6034        27
      9057        42
     14196        90
       161        39
     10742        31
      5136        56
      4459        51
     18060        29
     19939        17
     15040        67
     18524        34
      7209        92
     12024         5
      9350         1
      2911        79
      6992        76
     18410        56
     13918        27
      7171        16
      6094        53
      7292        73
      9267        68
     18014        87
     16501        40
     11686        88
     19384        10
     18995        56
      8737         6
     19190        39
      6265        58
      6947        68
      6835        94
      2161         9
      6700        46
     16195        43
     12578        27
     12989        73
     19272        60
     18591        84
     14151        82
      3840        72
     11485        39
      2655        57
       506        34
     16053        97
     15685        66
      9132        26
     14000        30
     18366        64
      7500        69
     13087        97
     12045        32
     15559        33
     14658        42
       319        59
      7694        98
     16590        62
     17324         2
     18252        87
     14525        89
     16316         8
     12809        12
     18465        27
     10660        60
      8101        55
      3696        86
     19967        45
      6773        97
     14871        55
      9439        17
     13520        38
     19633        66
      2628        77
     19480        64
      5875        54
     16773        32
       860        78
      5529        11
      5481        59
     16526         5
      7461        37
      3433         5
       936        11
      4631        91
      2429        40
      8851        48
     19951        43
     15189         7
     17911        96
     18181        60
     19053        47
      9285        96
     16634        32
     15785        49
     18721        38
     11549        88
     19402        96
     14896        81
      8989        79
     17470        78
     12747        94
      3904        90
     14123        14
      1755        21
     14732        16
     17345        91
     16542        85
     13317        66
     15755        85
     10940        79
     11263        41
     16394        76
     18227        22
      8544        34
      5931        37
      9601        27
      9677        24
     15226         4
     12290        52
       922        34
      9301        23
     16265        85
     19418        93
      4973        90
      6824        27
      4352        95
     16184        14
     19905        81
     14035        86
      1379        18
      4209        45
      4329        64
     16842        88
     18871        69
     18363        56
     16258        91
      5850        19
     15157         7
     17770        82
     19972        30
      3842         3
     15621        69
      1672        97
      5970        40
     11466        20
     11413        27
      2106        78
      7489        30
     16251        64
     19187        62
      9204        79
      1395        19
      7895        57
       285        44
     16145        97
      9915        61
     15141        87
     16662        50
     12258        96
      5294        82
      3145        29
      4929        95
      5077        30
      4343        69
      6545        74
     11893        41
      5811        26
      9820        77
      9303         9
     17620        25
      1141        23
     11584        32
      9056        29
      3507       100
     14088        92
     12943        51
     11367        65
     18061         3
      6196       100
      7664        19
     11561        50
      5331         5
     15309        13
     10199        26
     10610        76
      9195        74
       763        15
      6312        20
     19970        25
     19236        77
      6166        13
       206        31
     16600        14
      6806        79
      2402        25
      9419         5
       253        86
      5672        72
      1344        73
     13066         8
     17147        39
     14211        10
      7897         3
     19623        88
      6566        70
      6977        84
     12115        82
      5912        23
      2268        49
     15759        55
     16337        20
      8228        41
     10944        18
     10841        77
     19003        54
     17444        27
      9282        73
     19250        90
      2709        17
     12705        14
      8722        66
     11184        27
     14271        54
     13603        67
      6122        90
     14554        17
      1001        47
      7695        60
     19122        42
     13708        53
      2064        93
      7531        14
     18605        90
      9351         8
      7883        88
     18306        47
      8564        54
      7830        48
      8370        61
      3427        36
      9785        26
      2768        69
     17753        70
     19481         6
         4        19
      1429         3
     15917        51
     10421        55
     10885        46
      9147        67
      4385        70
     16255        10
     13642        73
      6264        28
       768        85
     16525        42
     10976        31
     18674        69
     15677        26
     16822        54
     11193         3
      8580        73
      1479        98
     15460        98
     15814        60
      8173        11
     10999        12
      1209        51
     13722        76
      2730        11
      1996        89
      5343        21
     16388        52
      2407        75
     11303        47
     19465        69
     12954        34
      9284        97
     15954        52
     16465        37
      2707        63
     15320        82
      7522        35
      8303        90
     19712        45
      3905        72
     19031        13
     18761        45
     14733         8
     14410        93
     10205        28
     16395        79
      7229        45
      7282        73
     14092        48
      3047        25
     10629        19
     13681        34
      1463        24
     11827        59
      2119         7
     18985        34
     12917        63
     11038        13
      8023        96
      2257        32
     17383        92
      2523        53
      4725        44
     12693        77
      5676        10
      1918        61
     12545        38
     18406         7
      7049        98
     17995        95
     15006        53
     12328        63
     12933        61
       332        44
